16937 27838
31305 38421
3208 713
51682 60023
44056 19993
29316 8173
48835 21290
14528 56291
6232 4152
11652 13728
5111 6171
18127 35941
55828 50095
3565 14094
1181 3296
26819 41389
40038 57408
64243 34633
62534 19453
30006 36637
701 26433
38636 17544
53351 11619
63135 37135
58704 19884
10907 50023
44705 52657
20591 63930
18210 54148
34102 35851
59730 43511
25546 55578
17703 7408
48878 50513
19196 12626
22242 28682
56602 34975
26554 57278
40067 19933
14987 38049
57295 52718
28900 26642
50616 63291
43110 33170
54148 37451
37238 22716
36202 13797
62497 37179
53417 6246
57597 23203
3047 34385
61225 16665
63008 15687
44418 1170
52061 19943
53131 58672
9738 331
6481 23758
62392 1700
6297 64035
2731 40858
35699 61515
31494 53799
65283 60879
24318 118
25968 2427
41582 36337
44405 21958
39614 29803
47122 13545
14637 27218
13948 43171
65201 23442
55405 46358
46490 43005
46468 22011
34857 39518
15242 3508
7000 2603
21069 64809
58057 39804
2125 12027
10456 46203
42919 19225
12937 21741
18771 27103
30202 58160
29443 21733
42853 20446
59890 29435
53388 26684
30984 32743
