61675 21970
44474 36364
65268 36758
7931 44077
30065 8737
45845 30640
29573 12603
55524 46842
55102 43215
24566 49787
387 54315
28741 59659
45574 61648
28584 32184
11435 9961
27584 60250
20056 59915
31047 13126
44858 44279
49692 14689
52989 55426
43547 23681
65030 43142
35874 40657
19466 47976
20646 57229
61843 43876
33902 63824
47783 42508
60497 50955
47922 19355
3037 11274
8139 46325
34721 4567
42966 13889
50609 44962
53843 33092
30030 41147
43762 14720
31056 60582
27190 20369
47768 40415
5673 65280
26605 23612
9502 4303
54454 6353
54296 1177
16235 43680
13659 27535
64658 23940
31062 3876
10175 28864
3157 32297
18935 39389
35284 26921
43528 57612
36067 3989
58746 22592
3775 5788
58802 22329
40747 57309
36226 1678
20090 58178
33303 64884
44510 50623
45965 15268
14760 30706
12427 45334
19356 11418
16737 16036
40272 29139
9213 44160
34931 19174
16143 11306
52717 13780
14552 49216
27174 47644
32962 11583
3525 27643
9978 51506
13670 48369
53386 20735
12793 33678
46050 36469
57993 6245
13544 44843
27992 32097
22831 45289
33192 12130
34385 27331
53167 42555
29926 39361
24871 32166
20187 48818
4450 10859
2988 47116
59443 44080
