26475 2276
58780 30036
57399 5307
54845 30360
2965 61050
61241 64650
50575 37363
37941 24400
2900 37640
32559 5606
46833 55608
33568 65472
12701 64629
43659 60301
60364 43145
38549 4042
36874 60969
20956 51881
21570 31394
27519 17147
42747 63093
6699 33545
10631 24790
16740 19660
32929 42239
27406 33159
7252 46878
55557 19640
54817 56082
50037 46453
7668 9371
11284 54740
3903 9850
16132 44068
35031 54967
7849 51984
15907 38703
38466 48591
5607 62986
33913 62967
62458 59343
39216 27297
7979 17901
49434 29085
60507 53445
5977 59738
33571 41234
62779 52867
45868 30763
42990 26809
30750 30144
42610 53657
41864 5214
3372 24036
53735 47940
65028 14204
17749 24497
54190 30426
60674 31729
15984 50983
36778 52093
16726 63106
28338 25563
36465 29691
7781 44189
62111 11847
12841 31799
60912 55637
17717 12865
46062 36608
7310 50109
59225 49052
17471 26707
13981 52053
16416 48626
49001 4794
9650 33485
25510 59828
11425 32200
56792 32436
41221 463
65409 1850
50790 525
28199 10031
14104 31880
38936 17619
32608 50877
57562 52213
