57596 49338
2528 11643
59830 37745
33433 52643
13615 22774
12157 62925
35496 47075
63066 13268
47740 40992
1237 29132
46102 41140
32620 19568
8517 41808
56273 217
41558 58863
6231 22622
47609 38161
32181 39774
33460 16156
48269 13532
38435 54124
39690 39608
60064 120
34023 9496
42104 26664
44924 62994
11939 55138
1186 6890
52032 45288
33637 42506
14724 59531
54185 33598
63593 39462
57050 54081
49357 26653
62070 55230
46114 36603
57572 20340
61298 47724
38560 41749
43522 28945
26709 21266
13462 31886
55770 40421
38116 10550
53516 5349
37147 7431
33448 4318
13362 57326
63807 42961
39034 5245
20620 40989
33036 49047
36591 59390
25027 15944
23582 44340
18061 33797
45470 56947
5111 9082
28431 35328
11858 54218
21731 46849
11748 51860
50117 56307
42518 45668
2698 27082
27320 32302
57470 27039
50653 58734
58369 45042
41081 54712
6500 63360
51229 9114
18727 35099
59920 6556
15863 46405
6060 65152
57848 9591
64687 35407
15760 64449
16321 19668
16757 17196
55604 8256
11554 48322
24186 1848
34222 38014
10211 7527
24145 55996
3148 27883
57982 47040
61928 44287
28097 247
18646 55468
48739 59646
21706 22917
52479 16467
50713 53567
1791 48007
22484 59731
