13133 29922
39943 65137
44479 42460
46660 43309
31112 33343
22480 17228
42682 34100
8332 38761
57677 62453
56887 41142
21712 17381
8684 10249
62835 42442
11220 32897
17939 35311
11940 9936
52549 5175
19533 26134
38081 63249
40623 4395
65163 53221
8868 26258
42648 8161
872 50780
52413 8384
12705 19594
53567 7532
16769 35864
1720 33155
31655 2735
13299 63327
47593 23566
8219 3667
33134 32640
46564 39015
61203 36759
50785 7887
62246 56602
48000 43564
65241 23108
26911 50591
3902 20316
2291 54696
33919 35556
24107 8623
20393 6592
50303 60101
111 27632
1401 1998
22481 22192
34543 23737
63700 45948
3037 35554
10889 44276
51699 15613
17477 62439
6405 24681
63296 8119
1185 21678
31513 57732
38193 24719
31044 59955
11093 36613
13910 50803
63469 45215
60008 22264
12723 36516
11221 55493
16408 16856
54902 26853
54760 46867
53809 57973
20095 52119
31157 43682
38048 21759
57707 44480
45530 54172
37816 41730
7613 32003
48028 30584
45772 38119
49200 29809
8380 9238
4278 51554
7902 39418
18482 24902
36816 51766
39328 31386
43050 60986
20102 32965
222 31426
55856 62989
60073 2794
23851 28347
48076 59180
33107 51147
