46612 46258
57515 39238
30930 31054
54779 26745
40279 2577
52494 7816
23735 58771
42613 38974
48011 55210
14940 20675
25443 18316
53322 4796
20571 4739
29726 64732
21961 33962
35955 17181
8743 41328
43961 21260
11175 24026
13004 40230
31524 39958
32290 53834
45499 6998
38517 36585
57608 48432
31249 270
41602 50798
13675 53621
28970 25620
53276 32018
2122 51380
30292 55052
24684 37516
11148 27387
56182 1147
30514 9112
14413 33352
44912 37269
34450 33142
44567 10259
42663 33520
27647 49972
35568 56890
13389 41728
15430 47590
29580 4140
15583 49784
15057 51068
37201 29631
30095 9408
61416 27236
9386 49044
44751 32195
22105 30871
53510 64792
1579 10996
50970 25131
58585 36131
45561 40000
55452 7490
49364 20
36118 13859
18000 18299
63083 42878
34500 25074
13087 20463
13133 55519
16678 37119
52830 44943
54821 41000
35531 53791
17435 28761
44462 48821
34060 9621
29816 59808
12877 4201
33741 4411
42238 14519
35598 53131
31918 3881
21742 51130
40632 20446
47619 1897
50063 2967
33703 29461
44099 39569
