336 62136
8793 14199
10353 36481
13476 4527
53192 61657
188 49000
35219 18608
35910 33810
23185 41728
30410 12095
63611 42760
6285 27245
6465 62335
22153 19986
44150 17972
37472 19472
13391 44189
16425 27375
7777 20489
28018 13661
13506 50092
20012 64018
23453 2963
60290 62007
12101 3921
34691 44422
26829 39766
22364 16059
42882 43245
31595 16037
14581 30883
9387 7234
37690 45137
5830 14458
16046 37096
35138 34563
41103 49738
36467 2428
5954 37048
58275 61496
11833 5954
22918 14348
55165 30588
4544 24374
59783 49089
32413 59078
1619 49519
23286 35630
10955 30080
17880 14419
21646 6439
4125 50536
17336 39174
30287 17070
47646 39972
8780 21469
43580 35721
8125 20319
22408 54323
429 1533
37538 42942
47278 46076
41772 63245
62784 29969
56434 62857
2348 46831
30784 29191
5583 59883
11518 43407
46506 32642
61496 47222
41905 40680
10069 60220
54825 57862
24945 662
53791 3596
27888 5871
38170 127
22489 2804
57397 5986
26450 47026
37273 26683
28426 21162
7457 4574
38095 46136
16589 58144
17365 2514
4214 36170
54394 34811
58091 30841
54156 24307
18077 22467
16453 13553
4595 22091
2719 26864
