6417 60980
59873 64773
32797 45688
15807 789
4037 22053
34334 42622
33146 5708
55428 50939
22267 5151
18149 38630
30002 56567
37569 23331
26881 17059
21454 28080
44217 13544
49037 42889
41451 59933
10769 28074
25564 15406
51864 24818
40871 45669
22753 50539
42376 5352
989 42032
37161 7810
26847 32065
39274 540
18292 17642
35712 38385
42322 20830
8822 41583
30709 8905
8660 16967
44134 10702
19234 2592
63538 31015
13437 1002
65243 47666
41540 46424
45326 13285
30717 606
21712 6670
39533 9994
14456 49503
26829 13059
6365 45467
29106 11812
36319 44305
22573 51931
7455 37429
26838 4639
29823 32966
21435 62946
55961 12547
6786 57621
55636 57150
16640 40337
33184 52297
64228 17353
23507 840
31181 24294
31219 37162
45061 13617
32735 13272
14106 55838
57839 44372
53871 18644
46674 50890
61427 56193
54847 16736
13064 17064
47159 49153
64546 41964
9566 50521
22496 46925
36394 29079
43783 47514
49576 4575
7901 37243
46828 9510
23770 18569
31474 43685
57092 41164
21437 48786
3720 42002
29775 6015
15767 46445
