59385 27814
16267 24478
33545 43225
53703 28160
7269 20074
56269 39715
35151 7374
48348 60267
29969 46762
23451 49161
30572 379
11058 60091
45744 59291
60932 35746
42045 2966
5827 8615
35017 32193
50284 53796
29842 42318
26807 1972
51685 41272
40372 56998
52876 15366
52005 20148
33360 18120
48749 31691
12988 10723
23139 59908
51809 45362
16230 41509
33969 14577
21502 53756
52312 59791
32277 61228
61327 40546
45101 46701
9959 19879
54141 51781
49683 25653
47878 42311
17041 62163
12083 7041
62592 26327
63324 50597
16305 58442
21683 36406
20309 12299
111 64882
12569 22355
62613 30591
10040 18033
26125 9445
10020 8235
46457 48756
50974 42644
6778 16367
34447 41456
58801 62643
15421 50657
65398 57350
10473 9632
38326 46494
42364 57882
63847 50507
12651 42132
12541 8705
4542 40666
36168 36610
59236 33746
18642 59702
32634 63977
45828 46820
54865 25457
50165 63018
36456 17467
61287 40998
9238 23487
39079 39258
52588 64842
3649 11914
41321 40118
20405 64773
51886 26911
7009 26436
