21489 23936
14818 14724
37666 15781
62161 19261
32045 18724
45861 15820
29473 59550
35822 34126
32307 61194
46922 4640
5709 38560
10478 35122
26847 38201
636 39224
59683 16145
41256 1548
29819 47127
40849 36091
48262 13378
58499 39360
61578 17220
14748 21129
54546 51310
2809 46924
44359 59198
8935 54133
16550 13574
48307 56477
8631 30254
22595 44814
53488 9104
32079 50706
33140 54319
33609 47499
38737 26322
61014 53766
17541 59911
15276 54702
34568 23844
63480 46661
24924 28045
56034 14201
49373 58482
59243 34943
865 12115
31075 55813
26871 40041
33254 25934
35360 21477
17647 30546
36822 17497
45837 29762
57800 46236
25098 12268
49668 17535
15507 14447
18650 6743
31806 12251
26127 17651
51363 37375
7202 26589
17208 57687
45936 17826
16396 27673
3668 31735
1770 39532
5499 8824
58781 14930
45260 12939
16470 61840
47820 28827
52546 29705
28428 58064
29280 23284
10006 33232
40152 33060
39252 64994
64713 57240
14463 41673
911 20779
55243 18041
1800 25055
13059 11967
15093 53828
14573 58905
