48539 25506
30878 49851
46153 64751
60284 37252
34771 51696
33377 2905
20232 45282
363 8541
21371 24264
16283 39738
64002 42512
27146 36185
26517 21430
23257 22714
32940 2085
38742 59569
51433 58840
58606 9508
35354 2959
21720 7946
23430 38618
44727 56035
36926 60555
50587 27136
47767 12327
20876 44394
61324 26704
14227 37684
7116 45620
10 21228
34892 5890
22728 47161
5136 27172
24907 46816
24941 64167
785 15547
42361 9550
63575 42653
52245 51574
51059 61736
50535 64103
65437 47674
28652 56415
44011 41866
10518 8967
18365 40436
27788 59204
39223 62899
26742 53463
52439 22113
51771 10708
5643 9894
17509 441
54409 58343
20037 14036
34396 1585
9674 28279
31688 53792
24168 21094
60051 21417
5110 6643
65505 29739
50097 19242
26396 33186
50800 14726
62291 46196
52029 36460
19292 44164
39509 23847
53705 63255
49824 50590
23768 30054
59279 41004
51350 58121
60578 62809
35495 3668
38625 6101
8594 7133
47461 56914
52525 34002
44041 6682
63853 32289
59652 25360
21831 4051
56661 8089
15693 48340
41148 20411
33079 47446
52174 4294
28777 11184
37096 20441
30231 31729
41677 37188
