33459 5832
55769 21705
10677 35410
47687 44704
50587 47003
51216 61927
27399 2508
23502 50198
37143 41319
16462 7688
62721 51609
19364 35922
7263 54066
57363 58448
1854 14571
25489 35346
2254 19518
5555 29470
54361 36322
49273 9659
28188 55008
21282 26514
4711 30812
17255 37292
61829 44604
57130 53572
15783 45159
9324 37202
3047 42548
62911 48118
18034 33501
15754 4696
44925 22381
11777 55333
36470 40414
29932 56538
59913 22362
39466 35830
36035 56790
39409 59303
1588 6998
46920 4429
60890 28228
23580 44707
43946 2211
11077 55718
5852 57713
49853 37943
34014 11168
60277 7053
1061 62963
18846 1068
25586 50839
25102 14444
51132 40616
54981 33854
26842 33443
4399 26431
10908 57021
15991 4337
12022 18833
18034 37607
1252 45872
53301 62947
59863 64982
41521 38327
4836 50082
24946 19055
13889 26634
14636 40026
56129 21012
31788 64077
6851 6350
35493 7199
17912 65246
51158 47184
9561 35958
14293 12088
59944 12063
62299 16861
16981 47519
26182 49250
10240 56819
13232 60909
13725 58177
19614 44020
3403 53090
22778 64054
48342 44889
35697 57072
15863 47294
13471 12680
33371 41735
5298 55774
