3424 6946
54262 50547
35281 21492
7584 29533
59777 43985
46913 31357
44274 18070
30222 2465
43913 29749
14107 54651
60483 43011
29887 25125
33785 29061
29874 39626
17263 64580
15277 62505
10742 31273
56089 8636
32075 7943
53579 39586
50256 22526
35861 63241
43358 37823
38584 46984
17949 32852
8010 64983
8333 20684
42716 7531
39755 22177
43088 9171
11161 25554
55463 23295
45497 11706
63151 55811
924 49686
46685 33475
49381 15517
13045 20679
18338 52340
65122 16367
41438 47374
47070 57217
35388 39794
32359 6078
52825 5823
50258 40742
18277 47094
43759 21895
966 29825
40106 30943
15675 37085
56660 15636
25175 29949
51603 14372
17966 14670
9876 59211
59964 40428
55722 29540
65305 61816
33670 33023
16903 12675
33584 2362
60033 14803
20363 58929
46655 30241
13100 5242
12417 29960
2347 18966
47234 23929
34747 55489
22955 27569
41208 52605
41091 52275
31997 54535
52562 20160
45446 42176
14850 43464
35689 52862
36459 10215
63333 20427
12393 13314
16732 34048
22194 30123
2447 5261
21839 2107
17972 13542
41023 53807
11052 9468
58554 39457
9588 28683
20144 16268
13976 18830
134 38084
7699 56712
65001 31815
62550 33517
6437 12993
35620 13691
