54108 2819
64002 48668
49457 24969
61463 62228
19290 59760
58410 48578
49712 13398
10086 62081
25509 51201
51933 29778
4500 7338
10253 61378
41397 46152
52531 45158
59936 19553
60960 20607
17851 24578
60996 47471
2081 7616
26096 16335
62909 19224
2112 23535
26164 37964
53524 12652
10573 35127
38924 11771
19101 11546
39051 22444
58527 45927
52193 20538
48930 60536
4131 31884
64908 30167
40400 814
47015 22303
15389 46218
14863 32234
2743 29518
58105 48218
64030 20143
33848 18577
25097 42338
15317 52230
55707 38326
26550 48008
20455 36737
16347 35977
9919 10535
36742 15450
5682 41536
55312 48077
20641 32306
21667 28767
48998 55703
28909 55428
51491 26683
60256 52836
21655 31807
21308 58058
23725 45897
47568 18602
3462 24473
63500 36648
49501 56079
52900 767
23258 41263
50383 21338
56279 55427
57218 7552
17452 59314
55361 34431
35198 58599
12352 17526
46093 4793
19856 59144
59580 2460
6456 60844
2365 19373
18679 43092
34514 53926
56492 48558
8790 39885
17418 45949
52185 49059
62885 28934
18739 35968
27911 43487
40366 5294
23053 12186
16174 49961
3190 43474
