26196 40291
35970 61887
37803 40697
30886 8073
10560 38765
3457 30501
10368 37313
37191 53706
54003 60847
19704 37600
1773 60749
19837 28752
1375 28023
44521 10110
28144 48762
51487 63774
41117 14970
56365 23108
16348 16025
63230 10582
3645 3876
63962 62121
20780 26202
59636 33499
14306 23037
37108 26266
24340 17780
7376 21627
16201 19319
61532 28695
45938 21879
60727 63950
23097 10119
5418 46046
2521 37921
20272 52382
29438 26500
33804 35504
42051 27063
50573 26567
17608 42159
12828 7613
10020 49862
54324 13025
605 33082
22438 58755
63013 25601
56943 15401
1330 43768
5752 7708
45523 5637
36213 22977
29289 15433
41841 3359
38124 18323
15554 65274
24249 30954
27134 13283
42215 44182
14851 41829
27770 4028
60911 36014
47135 62766
55959 54350
17134 33376
6932 1755
9351 58383
15306 48316
54516 34231
264 38831
63744 22762
56312 23594
32675 36293
57590 21772
14809 29847
1520 25355
59285 43165
54964 28912
44338 15281
12540 19887
12162 50522
2410 1717
60770 29385
3756 11924
42957 37605
63110 10623
59198 55396
20399 45041
23053 23854
12748 32726
20549 6233
63129 42710
43231 15815
15849 41773
34897 43427
27615 7014
54314 4306
25525 54891
54997 50277
3976 23003
