60917 12665
16248 27040
49360 43528
60755 31875
53976 40688
53186 10748
27623 30764
26717 21011
32631 35686
11528 15424
971 53199
65041 64553
49727 61228
28549 5782
58529 47845
43779 48984
45516 31659
33252 53649
59228 6969
2134 5695
41413 62784
20511 39887
1871 61191
45706 4054
58132 2178
33996 15830
41731 20464
57258 41686
17029 37107
63702 64480
24689 28201
20520 46816
885 62509
50932 45122
46527 39693
62333 57892
29506 55545
24613 15478
34290 2942
46347 34589
15503 30613
6876 59942
57373 18446
55997 51078
51614 26484
38354 43874
13720 35232
50956 65524
45134 27243
1428 39254
18659 20261
716 20373
4121 12975
45327 24880
51283 58598
58028 31985
16069 47700
27467 64935
39067 27297
29269 46574
35473 12332
44303 7940
17123 42895
44779 19836
46096 36409
22752 64583
65030 18135
9596 53291
16575 22623
7575 29263
49451 20517
23442 14770
16626 24484
55828 45312
40511 64499
36370 28617
49265 64941
16525 22931
44770 22107
22318 44687
4914 53560
60729 10444
42999 24164
58518 44042
39840 22029
59508 55598
4575 10170
20396 35009
39459 38083
