29328 42118
54562 4669
3244 10709
32831 36484
2274 50930
6897 53349
7354 52350
32430 25132
27121 31430
14852 55951
15974 16609
12242 16420
12809 62100
20457 20643
34837 44078
11830 32230
20324 34667
44819 33660
40213 19816
4792 35639
37677 9607
17924 53882
33272 13632
55847 13957
48945 26758
16058 26795
26343 65284
21801 51414
24076 21260
33067 38832
16668 61260
62596 41979
34011 22688
56787 8122
36588 48313
44962 43104
1140 1823
39676 17043
34648 53637
9911 58767
17237 42170
1277 27763
8303 34692
23787 10837
45507 5125
18702 36736
36606 40576
12304 42138
34161 53829
22191 52055
40415 6758
31625 32419
7256 57082
41016 48857
32916 60536
62175 36815
49758 55079
50851 12258
10859 2626
16476 34920
24698 45218
64155 20225
49676 36916
60472 18257
4584 54347
26434 26264
43135 40797
1117 45909
64390 34499
18159 42439
58792 29672
58017 57303
14237 24311
9052 19715
41656 23063
38429 33650
26008 36812
6301 1812
11937 8521
20557 58473
22505 14347
56336 9638
44832 48778
4743 5714
33752 24937
30369 62583
14858 6871
2283 14018
32646 63236
50932 3675
